#ifndef EXAMPLES_H
#define EXAMPLES_H
#include <stdio.h>

int d3[6][6] = {
  /* e  r  r2 s  sr sr2 */
  { 0, 1, 2, 3, 4, 5 }, /* e  */
  { 1, 2, 0, 4, 5, 3 }, /* r  */
  { 2, 0, 1, 5, 3, 4 }, /* r2 */
  { 3, 5, 4, 0, 2, 1 }, /* s  */
  { 4, 3, 5, 1, 0, 2 }, /* sr */
  { 5, 4, 3, 2, 1, 0 }  /* sr2*/
};

int d3_iso[6][6] = {
  {0,2,1,3,5,4},
  {2,1,0,5,4,3},
  {1,0,2,4,3,5},
  {3,5,4,0,2,1},
  {5,4,3,2,0,1},
  {4,3,5,1,3,0} // check final carefully
};

int d4[8][8] = {
    {0, 1, 2, 3, 4, 5, 6, 7},  // e
    {1, 2, 3, 0, 7, 4, 5, 6},  // r
    {2, 3, 0, 1, 6, 7, 4, 5},  // r²
    {3, 0, 1, 2, 5, 6, 7, 4},  // r³
    {4, 5, 6, 7, 0, 1, 2, 3},  // s
    {5, 6, 7, 4, 3, 0, 1, 2},  // sr
    {6, 7, 4, 5, 2, 3, 0, 1},  // sr²
    {7, 4, 5, 6, 1, 2, 3, 0}   // sr³
};

const int Z4ZxZ2Z[8][8] = {
    {0, 1, 2, 3, 4, 5, 6, 7},  // Row 0: corresponds to (0,0)
    {1, 0, 3, 2, 5, 4, 7, 6},  // Row 1: corresponds to (0,1)
    {2, 3, 4, 5, 6, 7, 0, 1},  // Row 2: corresponds to (1,0)
    {3, 2, 5, 4, 7, 6, 1, 0},  // Row 3: corresponds to (1,1)
    {4, 5, 6, 7, 0, 1, 2, 3},  // Row 4: corresponds to (2,0)
    {5, 4, 7, 6, 1, 0, 3, 2},  // Row 5: corresponds to (2,1)
    {6, 7, 0, 1, 2, 3, 4, 5},  // Row 6: corresponds to (3,0)
    {7, 6, 1, 0, 3, 2, 5, 4}   // Row 7: corresponds to (3,1)
};

int d8[16][16] = {
    {0, 1, 2, 3, 4, 5, 6, 7, 8, 9, 10, 11, 12, 13, 14, 15},   // e
    {1, 2, 3, 4, 5, 6, 7, 0, 15, 8, 9, 10, 11, 12, 13, 14},   // r
    {2, 3, 4, 5, 6, 7, 0, 1, 14, 15, 8, 9, 10, 11, 12, 13},   // r²
    {3, 4, 5, 6, 7, 0, 1, 2, 13, 14, 15, 8, 9, 10, 11, 12},   // r³
    {4, 5, 6, 7, 0, 1, 2, 3, 12, 13, 14, 15, 8, 9, 10, 11},   // r⁴
    {5, 6, 7, 0, 1, 2, 3, 4, 11, 12, 13, 14, 15, 8, 9, 10},   // r⁵
    {6, 7, 0, 1, 2, 3, 4, 5, 10, 11, 12, 13, 14, 15, 8, 9},   // r⁶
    {7, 0, 1, 2, 3, 4, 5, 6, 9, 10, 11, 12, 13, 14, 15, 8},   // r⁷
    {8, 9, 10, 11, 12, 13, 14, 15, 0, 1, 2, 3, 4, 5, 6, 7},   // s
    {9, 10, 11, 12, 13, 14, 15, 8, 7, 0, 1, 2, 3, 4, 5, 6},   // sr
    {10, 11, 12, 13, 14, 15, 8, 9, 6, 7, 0, 1, 2, 3, 4, 5},   // sr²
    {11, 12, 13, 14, 15, 8, 9, 10, 5, 6, 7, 0, 1, 2, 3, 4},   // sr³
    {12, 13, 14, 15, 8, 9, 10, 11, 4, 5, 6, 7, 0, 1, 2, 3},   // sr⁴
    {13, 14, 15, 8, 9, 10, 11, 12, 3, 4, 5, 6, 7, 0, 1, 2},   // sr⁵
    {14, 15, 8, 9, 10, 11, 12, 13, 2, 3, 4, 5, 6, 7, 0, 1},   // sr⁶
    {15, 8, 9, 10, 11, 12, 13, 14, 1, 2, 3, 4, 5, 6, 7, 0}    // sr⁷
};

int d9[18][18] = {
        {0,1,2,3,4,5,6,7,8,9,10,11,12,13,14,15,16,17},
        {1,2,3,4,5,6,7,8,0,10,11,12,13,14,15,16,17,9},
        {2,3,4,5,6,7,8,0,1,11,12,13,14,15,16,17,9,10},
        {3,4,5,6,7,8,0,1,2,12,13,14,15,16,17,9,10,11},
        {4,5,6,7,8,0,1,2,3,13,14,15,16,17,9,10,11,12},
        {5,6,7,8,0,1,2,3,4,14,15,16,17,9,10,11,12,13},
        {6,7,8,0,1,2,3,4,5,15,16,17,9,10,11,12,13,14},
        {7,8,0,1,2,3,4,5,6,16,17,9,10,11,12,13,14,15},
        {8,0,1,2,3,4,5,6,7,17,9,10,11,12,13,14,15,16},
        {9,17,16,15,14,13,12,11,10,0,8,7,6,5,4,3,2,1},
        {10,9,17,16,15,14,13,12,11,1,0,8,7,6,5,4,3,2},
        {11,10,9,17,16,15,14,13,12,2,1,0,8,7,6,5,4,3},
        {12,11,10,9,17,16,15,14,13,3,2,1,0,8,7,6,5,4},
        {13,12,11,10,9,17,16,15,14,4,3,2,1,0,8,7,6,5},
        {14,13,12,11,10,9,17,16,15,5,4,3,2,1,0,8,7,6},
        {15,14,13,12,11,10,9,17,16,6,5,4,3,2,1,0,8,7},
        {16,15,14,13,12,11,10,9,17,7,6,5,4,3,2,1,0,8},
        {17,16,15,14,13,12,11,10,9,8,7,6,5,4,3,2,1,0}
};

int d10[20][20] = {
        {0,1,2,3,4,5,6,7,8,9,10,11,12,13,14,15,16,17,18,19},
        {1,2,3,4,5,6,7,8,9,0,11,12,13,14,15,16,17,18,19,10},
        {2,3,4,5,6,7,8,9,0,1,12,13,14,15,16,17,18,19,10,11},
        {3,4,5,6,7,8,9,0,1,2,13,14,15,16,17,18,19,10,11,12},
        {4,5,6,7,8,9,0,1,2,3,14,15,16,17,18,19,10,11,12,13},
        {5,6,7,8,9,0,1,2,3,4,15,16,17,18,19,10,11,12,13,14},
        {6,7,8,9,0,1,2,3,4,5,16,17,18,19,10,11,12,13,14,15},
        {7,8,9,0,1,2,3,4,5,6,17,18,19,10,11,12,13,14,15,16},
        {8,9,0,1,2,3,4,5,6,7,18,19,10,11,12,13,14,15,16,17},
        {9,0,1,2,3,4,5,6,7,8,19,10,11,12,13,14,15,16,17,18},
        {10,19,18,17,16,15,14,13,12,11,0,9,8,7,6,5,4,3,2,1},
        {11,10,19,18,17,16,15,14,13,12,1,0,9,8,7,6,5,4,3,2},
        {12,11,10,19,18,17,16,15,14,13,2,1,0,9,8,7,6,5,4,3},
        {13,12,11,10,19,18,17,16,15,14,3,2,1,0,9,8,7,6,5,4},
        {14,13,12,11,10,19,18,17,16,15,4,3,2,1,0,9,8,7,6,5},
        {15,14,13,12,11,10,19,18,17,16,5,4,3,2,1,0,9,8,7,6},
        {16,15,14,13,12,11,10,19,18,17,6,5,4,3,2,1,0,9,8,7},
        {17,16,15,14,13,12,11,10,19,18,7,6,5,4,3,2,1,0,9,8},
        {18,17,16,15,14,13,12,11,10,19,8,7,6,5,4,3,2,1,0,9},
        {19,18,17,16,15,14,13,12,11,10,9,8,7,6,5,4,3,2,1,0}
    };

int ga15[20][20] = {
        {0,1,2,3,4,5,6,7,8,9,10,11,12,13,14,15,16,17,18,19},
        {1,2,3,4,0,6,7,8,9,5,11,12,13,14,10,16,17,18,19,15},
        {2,3,4,0,1,7,8,9,5,6,12,13,14,10,11,17,18,19,15,16},
        {3,4,0,1,2,8,9,5,6,7,13,14,10,11,12,18,19,15,16,17},
        {4,0,1,2,3,9,5,6,7,8,14,10,11,12,13,19,15,16,17,18},
        {5,6,7,8,9,10,11,12,13,14,15,16,17,18,19,0,1,2,3,4},
        {6,7,8,9,5,11,12,13,14,10,16,17,18,19,15,1,2,3,4,0},
        {7,8,9,5,6,12,13,14,10,11,17,18,19,15,16,2,3,4,0,1},
        {8,9,5,6,7,13,14,10,11,12,18,19,15,16,17,3,4,0,1,2},
        {9,5,6,7,8,14,10,11,12,13,19,15,16,17,18,4,0,1,2,3},
        {10,11,12,13,14,15,16,17,18,19,0,1,2,3,4,5,6,7,8,9},
        {11,12,13,14,10,16,17,18,19,15,1,2,3,4,0,6,7,8,9,5},
        {12,13,14,10,11,17,18,19,15,16,2,3,4,0,1,7,8,9,5,6},
        {13,14,10,11,12,18,19,15,16,17,3,4,0,1,2,8,9,5,6,7},
        {14,10,11,12,13,19,15,16,17,18,4,0,1,2,3,9,5,6,7,8},
        {15,16,17,18,19,0,1,2,3,4,5,6,7,8,9,10,11,12,13,14},
        {16,17,18,19,15,1,2,3,4,0,6,7,8,9,5,11,12,13,14,10},
        {17,18,19,15,16,2,3,4,0,1,7,8,9,5,6,12,13,14,10,11},
        {18,19,15,16,17,3,4,0,1,2,8,9,5,6,7,13,14,10,11,12},
        {19,15,16,17,18,4,0,1,2,3,9,5,6,7,8,14,10,11,12,13}
    };

int d11[22][22] = {
        {0,1,2,3,4,5,6,7,8,9,10,11,12,13,14,15,16,17,18,19,20,21},
        {1,2,3,4,5,6,7,8,9,10,0,12,13,14,15,16,17,18,19,20,21,11},
        {2,3,4,5,6,7,8,9,10,0,1,13,14,15,16,17,18,19,20,21,11,12},
        {3,4,5,6,7,8,9,10,0,1,2,14,15,16,17,18,19,20,21,11,12,13},
        {4,5,6,7,8,9,10,0,1,2,3,15,16,17,18,19,20,21,11,12,13,14},
        {5,6,7,8,9,10,0,1,2,3,4,16,17,18,19,20,21,11,12,13,14,15},
        {6,7,8,9,10,0,1,2,3,4,5,17,18,19,20,21,11,12,13,14,15,16},
        {7,8,9,10,0,1,2,3,4,5,6,18,19,20,21,11,12,13,14,15,16,17},
        {8,9,10,0,1,2,3,4,5,6,7,19,20,21,11,12,13,14,15,16,17,18},
        {9,10,0,1,2,3,4,5,6,7,8,20,21,11,12,13,14,15,16,17,18,19},
        {10,0,1,2,3,4,5,6,7,8,9,21,11,12,13,14,15,16,17,18,19,20},
        {11,21,20,19,18,17,16,15,14,13,12,0,10,9,8,7,6,5,4,3,2,1},
        {12,11,21,20,19,18,17,16,15,14,13,1,0,10,9,8,7,6,5,4,3,2},
        {13,12,11,21,20,19,18,17,16,15,14,2,1,0,10,9,8,7,6,5,4,3},
        {14,13,12,11,21,20,19,18,17,16,15,3,2,1,0,10,9,8,7,6,5,4},
        {15,14,13,12,11,21,20,19,18,17,16,4,3,2,1,0,10,9,8,7,6,5},
        {16,15,14,13,12,11,21,20,19,18,17,5,4,3,2,1,0,10,9,8,7,6},
        {17,16,15,14,13,12,11,21,20,19,18,6,5,4,3,2,1,0,10,9,8,7},
        {18,17,16,15,14,13,12,11,21,20,19,7,6,5,4,3,2,1,0,10,9,8},
        {19,18,17,16,15,14,13,12,11,21,20,8,7,6,5,4,3,2,1,0,10,9},
        {20,19,18,17,16,15,14,13,12,11,21,9,8,7,6,5,4,3,2,1,0,10},
        {21,20,19,18,17,16,15,14,13,12,11,10,9,8,7,6,5,4,3,2,1,0}
    };

int z16_table[16][16] = {
    {0, 1, 2, 3, 4, 5, 6, 7, 8, 9, 10, 11, 12, 13, 14, 15},   // 0
    {1, 2, 3, 4, 5, 6, 7, 8, 9, 10, 11, 12, 13, 14, 15, 0},   // 1
    {2, 3, 4, 5, 6, 7, 8, 9, 10, 11, 12, 13, 14, 15, 0, 1},   // 2
    {3, 4, 5, 6, 7, 8, 9, 10, 11, 12, 13, 14, 15, 0, 1, 2},   // 3
    {4, 5, 6, 7, 8, 9, 10, 11, 12, 13, 14, 15, 0, 1, 2, 3},   // 4
    {5, 6, 7, 8, 9, 10, 11, 12, 13, 14, 15, 0, 1, 2, 3, 4},   // 5
    {6, 7, 8, 9, 10, 11, 12, 13, 14, 15, 0, 1, 2, 3, 4, 5},   // 6
    {7, 8, 9, 10, 11, 12, 13, 14, 15, 0, 1, 2, 3, 4, 5, 6},   // 7
    {8, 9, 10, 11, 12, 13, 14, 15, 0, 1, 2, 3, 4, 5, 6, 7},   // 8
    {9, 10, 11, 12, 13, 14, 15, 0, 1, 2, 3, 4, 5, 6, 7, 8},   // 9
    {10, 11, 12, 13, 14, 15, 0, 1, 2, 3, 4, 5, 6, 7, 8, 9},   // 10
    {11, 12, 13, 14, 15, 0, 1, 2, 3, 4, 5, 6, 7, 8, 9, 10},   // 11
    {12, 13, 14, 15, 0, 1, 2, 3, 4, 5, 6, 7, 8, 9, 10, 11},   // 12
    {13, 14, 15, 0, 1, 2, 3, 4, 5, 6, 7, 8, 9, 10, 11, 12},   // 13
    {14, 15, 0, 1, 2, 3, 4, 5, 6, 7, 8, 9, 10, 11, 12, 13},   // 14
    {15, 0, 1, 2, 3, 4, 5, 6, 7, 8, 9, 10, 11, 12, 13, 14}    // 15
};

int d14[28][28] = {
        {0,1,2,3,4,5,6,7,8,9,10,11,12,13,14,15,16,17,18,19,20,21,22,23,24,25,26,27},
        {1,2,3,4,5,6,7,8,9,10,11,12,13,0,15,16,17,18,19,20,21,22,23,24,25,26,27,14},
        {2,3,4,5,6,7,8,9,10,11,12,13,0,1,16,17,18,19,20,21,22,23,24,25,26,27,14,15},
        {3,4,5,6,7,8,9,10,11,12,13,0,1,2,17,18,19,20,21,22,23,24,25,26,27,14,15,16},
        {4,5,6,7,8,9,10,11,12,13,0,1,2,3,18,19,20,21,22,23,24,25,26,27,14,15,16,17},
        {5,6,7,8,9,10,11,12,13,0,1,2,3,4,19,20,21,22,23,24,25,26,27,14,15,16,17,18},
        {6,7,8,9,10,11,12,13,0,1,2,3,4,5,20,21,22,23,24,25,26,27,14,15,16,17,18,19},
        {7,8,9,10,11,12,13,0,1,2,3,4,5,6,21,22,23,24,25,26,27,14,15,16,17,18,19,20},
        {8,9,10,11,12,13,0,1,2,3,4,5,6,7,22,23,24,25,26,27,14,15,16,17,18,19,20,21},
        {9,10,11,12,13,0,1,2,3,4,5,6,7,8,23,24,25,26,27,14,15,16,17,18,19,20,21,22},
        {10,11,12,13,0,1,2,3,4,5,6,7,8,9,24,25,26,27,14,15,16,17,18,19,20,21,22,23},
        {11,12,13,0,1,2,3,4,5,6,7,8,9,10,25,26,27,14,15,16,17,18,19,20,21,22,23,24},
        {12,13,0,1,2,3,4,5,6,7,8,9,10,11,26,27,14,15,16,17,18,19,20,21,22,23,24,25},
        {13,0,1,2,3,4,5,6,7,8,9,10,11,12,27,14,15,16,17,18,19,20,21,22,23,24,25,26},
        {14,27,26,25,24,23,22,21,20,19,18,17,16,15,0,13,12,11,10,9,8,7,6,5,4,3,2,1},
        {15,14,27,26,25,24,23,22,21,20,19,18,17,16,1,0,13,12,11,10,9,8,7,6,5,4,3,2},
        {16,15,14,27,26,25,24,23,22,21,20,19,18,17,2,1,0,13,12,11,10,9,8,7,6,5,4,3},
        {17,16,15,14,27,26,25,24,23,22,21,20,19,18,3,2,1,0,13,12,11,10,9,8,7,6,5,4},
        {18,17,16,15,14,27,26,25,24,23,22,21,20,19,4,3,2,1,0,13,12,11,10,9,8,7,6,5},
        {19,18,17,16,15,14,27,26,25,24,23,22,21,20,5,4,3,2,1,0,13,12,11,10,9,8,7,6},
        {20,19,18,17,16,15,14,27,26,25,24,23,22,21,6,5,4,3,2,1,0,13,12,11,10,9,8,7},
        {21,20,19,18,17,16,15,14,27,26,25,24,23,22,7,6,5,4,3,2,1,0,13,12,11,10,9,8},
        {22,21,20,19,18,17,16,15,14,27,26,25,24,23,8,7,6,5,4,3,2,1,0,13,12,11,10,9},
        {23,22,21,20,19,18,17,16,15,14,27,26,25,24,9,8,7,6,5,4,3,2,1,0,13,12,11,10},
        {24,23,22,21,20,19,18,17,16,15,14,27,26,25,10,9,8,7,6,5,4,3,2,1,0,13,12,11},
        {25,24,23,22,21,20,19,18,17,16,15,14,27,26,11,10,9,8,7,6,5,4,3,2,1,0,13,12},
        {26,25,24,23,22,21,20,19,18,17,16,15,14,27,12,11,10,9,8,7,6,5,4,3,2,1,0,13},
        {27,26,25,24,23,22,21,20,19,18,17,16,15,14,13,12,11,10,9,8,7,6,5,4,3,2,1,0}
};

int s4[24][24] = {
        {0, 1, 2, 3, 4, 5, 6, 7, 8, 9, 10, 11, 12, 13, 14, 15, 16, 17, 18, 19, 20, 21, 22, 23},
        {1, 0, 3, 2, 5, 4, 7, 6, 9, 8, 11, 10, 13, 12, 15, 14, 17, 16, 19, 18, 21, 20, 23, 22},
        {2, 3, 0, 1, 6, 7, 4, 5, 10, 11, 8, 9, 14, 15, 12, 13, 18, 19, 16, 17, 22, 23, 20, 21},
        {3, 2, 1, 0, 7, 6, 5, 4, 11, 10, 9, 8, 15, 14, 13, 12, 19, 18, 17, 16, 23, 22, 21, 20},
        {4, 5, 6, 7, 0, 1, 2, 3, 12, 13, 14, 15, 8, 9, 10, 11, 20, 21, 22, 23, 16, 17, 18, 19},
        {5, 4, 7, 6, 1, 0, 3, 2, 13, 12, 15, 14, 9, 8, 11, 10, 21, 20, 23, 22, 17, 16, 19, 18},
        {6, 7, 4, 5, 2, 3, 0, 1, 14, 15, 12, 13, 10, 11, 8, 9, 22, 23, 20, 21, 18, 19, 16, 17},
        {7, 6, 5, 4, 3, 2, 1, 0, 15, 14, 13, 12, 11, 10, 9, 8, 23, 22, 21, 20, 19, 18, 17, 16},
        {8, 9, 10, 11, 12, 13, 14, 15, 0, 1, 2, 3, 4, 5, 6, 7, 16, 17, 18, 19, 20, 21, 22, 23},
        {9, 8, 11, 10, 13, 12, 15, 14, 1, 0, 3, 2, 5, 4, 7, 6, 17, 16, 19, 18, 21, 20, 23, 22},
        {10, 11, 8, 9, 14, 15, 12, 13, 2, 3, 0, 1, 6, 7, 4, 5, 18, 19, 16, 17, 22, 23, 20, 21},
        {11, 10, 9, 8, 15, 14, 13, 12, 3, 2, 1, 0, 7, 6, 5, 4, 19, 18, 17, 16, 23, 22, 21, 20},
        {12, 13, 14, 15, 8, 9, 10, 11, 4, 5, 6, 7, 0, 1, 2, 3, 20, 21, 22, 23, 16, 17, 18, 19},
        {13, 12, 15, 14, 9, 8, 11, 10, 5, 4, 7, 6, 1, 0, 3, 2, 21, 20, 23, 22, 17, 16, 19, 18},
        {14, 15, 12, 13, 10, 11, 8, 9, 6, 7, 4, 5, 2, 3, 0, 1, 22, 23, 20, 21, 18, 19, 16, 17},
        {15, 14, 13, 12, 11, 10, 9, 8, 7, 6, 5, 4, 3, 2, 1, 0, 23, 22, 21, 20, 19, 18, 17, 16},
        {16, 17, 18, 19, 20, 21, 22, 23, 8, 9, 10, 11, 12, 13, 14, 15, 0, 1, 2, 3, 4, 5, 6, 7},
        {17, 16, 19, 18, 21, 20, 23, 22, 9, 8, 11, 10, 13, 12, 15, 14, 1, 0, 3, 2, 5, 4, 7, 6},
        {18, 19, 16, 17, 22, 23, 20, 21, 10, 11, 8, 9, 14, 15, 12, 13, 2, 3, 0, 1, 6, 7, 4, 5},
        {19, 18, 17, 16, 23, 22, 21, 20, 11, 10, 9, 8, 15, 14, 13, 12, 3, 2, 1, 0, 7, 6, 5, 4},
        {20, 21, 22, 23, 16, 17, 18, 19, 12, 13, 14, 15, 8, 9, 10, 11, 4, 5, 6, 7, 0, 1, 2, 3},
        {21, 20, 23, 22, 17, 16, 19, 18, 13, 12, 15, 14, 9, 8, 11, 10, 5, 4, 7, 6, 1, 0, 3, 2},
        {22, 23, 20, 21, 18, 19, 16, 17, 14, 15, 12, 13, 10, 11, 8, 9, 6, 7, 4, 5, 2, 3, 0, 1},
        {23, 22, 21, 20, 19, 18, 17, 16, 15, 14, 13, 12, 11, 10, 9, 8, 7, 6, 5, 4, 3, 2, 1, 0}
};

#endif